cps01001_0-27 2 8 5 5 5 5 5 5 5 5 5 5 5 5 5 5 5 5 5 5 5 5 5 5 5 5 18 
cps01001_27-54 2 8 5 5 5 5 5 5 5 5 5 5 5 5 5 5 5 5 5 5 5 5 5 5 5 5 18 
cps01001_54-60 3 12 18 17 17 17 
cps01002_0-27 2 8 5 5 5 5 5 5 5 5 5 5 5 5 5 5 5 5 5 5 5 5 5 5 5 5 18 
cps01002_27-54 2 8 5 5 5 5 5 5 5 5 5 5 5 5 5 5 5 5 5 5 5 5 5 5 5 5 18 
cps01002_54-81 3 1 1 1 1 1 1 1 1 1 12 10 10 10 10 10 10 18 17 17 17 17 17 17 17 17 17 
cps01002_81-84 3 12 18 
cps01003_0-27 2 8 5 5 5 5 5 5 5 5 5 5 5 5 5 5 5 5 5 5 5 5 5 5 5 5 18 
cps01003_27-60 2590 2628 2627 2662 2661 1890 1889 1889 1889 1889 1898 1897 1897 1897 1914 1913 1913 1913 9578 9577 9577 9602 9682 9681 9681 9681 9681 9681 9681 9681 9681 9681 9681 
cps01004_0-27 2 8 5 5 5 5 5 5 5 5 5 5 5 5 5 5 5 5 5 5 5 5 5 5 5 5 18 
cps01004_27-54 2 8 5 5 5 5 5 5 5 5 5 5 5 5 5 5 5 5 5 5 5 5 5 5 5 5 18 
cps01004_54-81 2 8 5 5 5 5 5 5 5 5 5 5 5 5 5 5 5 5 5 5 5 5 5 5 5 18 17 
cps01004_81-84 3 12 18 
